509.6168227
126.4180046
124.6216026
123.0140201
121.4339631
119.8808449
118.3540939
116.8531532
115.3774796
113.9265439
112.4998297
111.0968339
109.7170658
108.3600466
107.0253096
105.7123993
104.4208714
103.1502926
101.9002397
100.6703001
99.46007088
98.26915887
97.09718023
95.94376026
94.80853309
93.69114149
92.59123663
91.5084778
90.44253225
89.39307494
88.35978834
87.34236223
86.34049349
85.35388596
84.38225018
83.42530327
82.48276875
81.55437634
80.63986182
79.73896689
78.85143899
77.97703114
77.11550184
76.26661489
75.43013928
74.60584904
73.7935231
72.99294522
72.20390382
71.42619185
70.65960675
69.90395024
69.15902831
68.42465103
67.70063251
66.98679078
66.28294767
65.58892877
64.90456328
64.22968397
63.56412706
62.90773217
62.2603422
61.62180327
60.99196467
60.37067873
59.7578008
59.15318913
58.55670485
57.96821187
57.38757682
56.81466902
56.24936034
55.69152525
55.14104064
54.59778587
54.06164265
53.532495
53.01022922
52.4947338
51.9858994
51.4836188
50.98778683
50.49830034
50.01505817
49.53796107
49.06691168
48.6018145
48.14257581
47.68910368
47.24130789
46.7990999
46.36239285
45.93110147
45.50514207
45.08443254
44.66889224
44.25844204
43.85300425
43.4525026