0.01
1.744
1.753105549
1.760725752
1.768345985
1.775966245
1.783586535
1.791206852
1.798827198
1.806447572
1.814067974
1.821688403
1.829308859
1.836929343
1.844549854
1.852170392
1.859790956
1.867411547
1.875032165
1.882652809
1.890273479
1.897894175
1.905514897
1.913135644
1.920756417
1.928377215
1.935998038
1.943618887
1.95123976
1.958860658
1.966481581
1.974102528
1.9817235
1.989344495
1.996965515
2.004586559
2.012207626
2.019828717
2.027449831
2.035070969
2.04269213
2.050313315
2.057934522
2.065555752
2.073177005
2.08079828
2.088419578
2.096040898
2.10366224
2.111283605
2.118904992
2.1265264
2.13414783
2.141769282
2.149390755
2.15701225
2.164633766
2.172255303
2.179876862
2.187498441
2.195120041
2.202741662
2.210363304
2.217984966
2.225606648
2.233228351
2.240850074
2.248471817
2.25609358
2.263715363
2.271337166
2.278958989
2.286580831
2.294202693
2.301824574
2.309446474
2.317068394
2.324690333
2.332312291
2.339934267
2.347556263
2.355178278
2.362800311
2.370422362
2.378044433
2.385666521
2.393288628
2.400910753
2.408532896
2.416155058
2.423777237
2.431399434
2.439021649
2.446643882
2.454266132
2.4618884
2.469510685
2.477132988
2.484755308
2.492377646
2.5
